2.003189187	0.9331029
2.006430593	0.9330958
2.009682507	0.9330887
2.012944978	0.9330816
2.01621806	0.9330744
2.019501803	0.9330672
2.022796259	0.93306
2.026101482	0.9330528
2.029417523	0.9330455
2.032744437	0.9330382
2.036082277	0.9330309
2.039431097	0.9330235
2.04279095	0.9330161
2.046161892	0.9330086
2.049543978	0.9330012
2.052937263	0.9329937
2.056341802	0.9329861
2.059757652	0.9329786
2.06318487	0.932971
2.066623511	0.9329633
2.070073634	0.9329557
2.073535296	0.932948
2.077008554	0.9329402
2.080493468	0.9329325
2.083990095	0.9329247
2.087498496	0.9329168
2.09101873	0.9329089
2.094550856	0.932901
2.098094935	0.9328931
2.101651028	0.9328851
2.105219197	0.9328771
2.108799501	0.932869
2.112392005	0.9328609
2.115996769	0.9328528
2.119613858	0.9328446
2.123243333	0.9328364
2.12688526	0.9328282
2.130539702	0.9328199
2.134206724	0.9328116
2.137886391	0.9328032
2.141578768	0.9327948
2.145283922	0.9327864
2.149001918	0.9327779
2.152732824	0.9327694
2.156476707	0.9327608
2.160233635	0.9327522
2.164003677	0.9327436
2.1677869	0.9327349
2.171583374	0.9327262
2.17539317	0.9327174
2.179216356	0.9327086
2.183053005	0.9326998
2.186903186	0.9326909
2.190766973	0.9326819
2.194644437	0.932673
2.19853565	0.9326639
2.202440687	0.9326549
2.206359621	0.9326458
2.210292525	0.9326366
2.214239476	0.9326274
2.218200549	0.9326181
2.222175819	0.9326089
2.226165362	0.9325995
2.230169257	0.9325901
2.23418758	0.9325807
2.238220409	0.9325712
2.242267824	0.9325617
2.246329904	0.9325521
2.250406727	0.9325425
2.254498376	0.9325328
2.25860493	0.9325231
2.262726472	0.9325133
2.266863084	0.9325035
2.271014848	0.9324936
2.275181847	0.9324837
2.279364167	0.9324737
2.283561891	0.9324637
2.287775105	0.9324536
2.292003894	0.9324434
2.296248346	0.9324333
2.300508547	0.932423
2.304784585	0.9324127
2.309076549	0.9324024
2.313384528	0.932392
2.317708611	0.9323815
2.322048889	0.932371
2.326405454	0.9323604
2.330778396	0.9323498
2.335167809	0.9323391
2.339573786	0.9323284
2.343996421	0.9323176
2.348435808	0.9323067
2.352892043	0.9322958
2.357365222	0.9322848
2.361855441	0.9322738
2.366362799	0.9322627
2.370887393	0.9322515
2.375429323	0.9322403
2.379988689	0.932229
2.38456559	0.9322176
2.389160129	0.9322062
2.393772407	0.9321948
2.398402528	0.9321832
2.403050594	0.9321716
2.407716712	0.93216
2.412400986	0.9321482
2.417103522	0.9321364
2.421824427	0.9321246
2.42656381	0.9321126
2.431321778	0.9321006
2.436098442	0.9320885
2.440893911	0.9320764
2.445708297	0.9320642
2.450541713	0.9320519
2.455394271	0.9320396
2.460266085	0.9320271
2.46515727	0.9320146
2.470067942	0.9320021
2.474998217	0.9319894
2.479948213	0.9319767
2.48491805	0.9319639
2.489907845	0.9319511
2.49491772	0.9319381
2.499947796	0.9319251
2.504998195	0.931912
2.510069042	0.9318988
2.51516046	0.9318856
2.520272575	0.9318722
2.525405513	0.9318588
2.530559402	0.9318453
2.53573437	0.9318317
2.540930547	0.9318181
2.546148063	0.9318043
2.551387051	0.9317905
2.556647643	0.9317766
2.561929973	0.9317626
2.567234175	0.9317485
2.572560387	0.9317343
2.577908746	0.9317201
2.583279389	0.9317057
2.588672457	0.9316913
2.594088089	0.9316768
2.599526429	0.9316621
2.604987619	0.9316474
2.610471804	0.9316326
2.615979128	0.9316177
2.621509739	0.9316027
2.627063785	0.9315876
2.632641416	0.9315724
2.63824278	0.9315572
2.643868031	0.9315418
2.649517322	0.9315263
2.655190807	0.9315107
2.660888641	0.931495
2.666610982	0.9314792
2.672357989	0.9314634
2.67812982	0.9314474
2.683926638	0.9314313
2.689748605	0.9314151
2.695595884	0.9313988
2.701468642	0.9313823
2.707367045	0.9313658
2.713291262	0.9313492
2.719241462	0.9313324
2.725217817	0.9313156
2.731220499	0.9312986
2.737249684	0.9312815
2.743305546	0.9312643
2.749388263	0.931247
2.755498015	0.9312295
2.761634982	0.931212
2.767799345	0.9311943
2.77399129	0.9311765
2.780211002	0.9311586
2.786458667	0.9311405
2.792734475	0.9311224
2.799038616	0.9311041
2.805371282	0.9310857
2.811732668	0.9310671
2.81812297	0.9310484
2.824542384	0.9310296
2.830991111	0.9310107
2.837469352	0.9309916
2.843977309	0.9309724
2.850515188	0.930953
2.857083195	0.9309335
2.86368154	0.9309139
2.870310432	0.9308941
2.876970085	0.9308742
2.883660713	0.9308541
2.890382533	0.9308339
2.897135763	0.9308136
2.903920625	0.9307931
2.91073734	0.9307724
2.917586134	0.9307516
2.924467233	0.9307306
2.931380867	0.9307095
2.938327267	0.9306883
2.945306667	0.9306668
2.952319302	0.9306452
2.95936541	0.9306235
2.966445231	0.9306016
2.973559009	0.9305795
2.980706987	0.9305573
2.987889414	0.9305348
2.995106538	0.9305123
3.002358612	0.9304895
3.00964589	0.9304666
3.01696863	0.9304435
3.02432709	0.9304202
3.031721532	0.9303967
3.039152222	0.9303731
3.046619427	0.9303492
3.054123416	0.9303252
3.061664461	0.930301
3.069242838	0.9302766
3.076858826	0.930252
3.084512703	0.9302272
3.092204755	0.9302023
3.099935267	0.9301771
3.107704528	0.9301517
3.115512831	0.9301261
3.12336047	0.9301003
3.131247744	0.9300743
3.139174954	0.9300481
3.147142403	0.9300217
3.155150399	0.9299951
3.163199252	0.9299682
3.171289276	0.9299411
3.179420787	0.9299138
3.187594105	0.9298863
3.195809553	0.9298585
3.204067459	0.9298306
3.212368152	0.9298023
3.220711966	0.9297739
3.229099236	0.9297452
3.237530305	0.9297163
3.246005515	0.9296871
3.254525215	0.9296576
3.263089755	0.929628
3.27169949	0.929598
3.28035478	0.9295678
3.289055986	0.9295374
3.297803475	0.9295067
3.306597618	0.9294757
3.315438788	0.9294444
3.324327364	0.9294129
3.333263728	0.9293811
3.342248266	0.929349
3.35128137	0.9293167
3.360363433	0.929284
3.369494855	0.9292511
3.37867604	0.9292179
3.387907395	0.9291843
3.397189334	0.9291505
3.406522271	0.9291163
3.41590663	0.9290819
3.425342836	0.9290471
3.434831321	0.9290121
3.444372519	0.9289767
3.453966871	0.9289409
3.463614823	0.9289049
3.473316826	0.9288685
3.483073334	0.9288318
3.492884808	0.9287947
3.502751714	0.9287573
3.512674523	0.9287195
3.522653712	0.9286814
3.532689763	0.9286429
3.542783162	0.9286041
3.552934403	0.9285648
3.563143985	0.9285252
3.573412411	0.9284853
3.583740193	0.9284449
3.594127846	0.9284041
3.604575892	0.928363
3.615084859	0.9283214
3.625655283	0.9282795
3.636287703	0.9282371
3.646982667	0.9281943
3.657740728	0.9281511
3.668562446	0.9281074
3.679448388	0.9280634
3.690399127	0.9280188
3.701415244	0.9279739
3.712497326	0.9279284
3.723645966	0.9278825
3.734861767	0.9278362
3.746145338	0.9277893
3.757497293	0.927742
3.768918258	0.9276942
3.780408862	0.9276459
3.791969745	0.9275971
3.803601554	0.9275478
3.815304944	0.927498
3.827080576	0.9274476
3.838929123	0.9273967
3.850851263	0.9273453
3.862847685	0.9272933
3.874919084	0.9272408
3.887066165	0.9271877
3.899289644	0.927134
3.911590242	0.9270797
3.923968692	0.9270249
3.936425736	0.9269694
3.948962123	0.9269134
3.961578616	0.9268567
3.974275983	0.9267994
3.987055006	0.9267414
3.999916473	0.9266828
4.012861187	0.9266236
4.025889957	0.9265636
4.039003605	0.926503
4.052202963	0.9264417
4.065488875	0.9263797
4.078862193	0.926317
4.092323785	0.9262536
4.105874526	0.9261894
4.119515305	0.9261245
4.133247022	0.9260588
4.147070591	0.9259923
4.160986935	0.9259251
4.174996992	0.9258571
4.189101712	0.9257882
4.203302057	0.9257185
4.217599003	0.925648
4.231993538	0.9255766
4.246486667	0.9255044
4.261079405	0.9254312
4.275772782	0.9253572
4.290567843	0.9252823
4.305465648	0.9252064
4.320467271	0.9251296
4.3355738	0.9250518
4.350786339	0.924973
4.36610601	0.9248933
4.381533946	0.9248125
4.397071301	0.9247307
4.412719241	0.9246478
4.428478953	0.9245639
4.444351637	0.9244789
4.460338513	0.9239715
4.476440819	0.9242233
4.492659807	0.9239217
4.508996752	0.9232782
4.525452944	0.9237256
4.542029695	0.9235812
4.558728334	0.9229323
4.575550209	0.9232267
4.592496692	0.9231917
4.60956917	0.922507
4.626769055	0.9228366
4.644097778	0.9225838
4.661556792	0.9220027
4.679147573	0.9221954
4.696871616	0.9220548
4.714730444	0.9215989
4.732725598	0.9217665
4.750858647	0.9215847
4.76913118	0.9209136
4.787544814	0.9212882
4.806101189	0.9208649
4.824801972	0.920553
4.843648854	0.9207748
4.862643556	0.9201606
4.881787822	0.9199367
4.901083426	0.9198422
4.92053217	0.9198394
4.940135883	0.9187905
4.959896427	0.9190164
4.97981569	0.9183112
4.999895592	0.9177577
5.020138084	0.9177863
5.040545149	0.9168351
5.061118803	0.9158959
5.081861093	0.9157248
5.102774102	0.914935
5.123859945	0.9141145
5.145120775	0.9136544
5.166558778	0.9128686
5.188176179	0.9117458
5.209975238	0.9115471
5.231958256	0.9106312
5.254127571	0.9096413
5.276485561	0.9091761
5.299034644	0.9083079
5.321777282	0.9075572
5.344715977	0.9072859
5.367853276	0.9071046
5.391191768	0.906068
5.414734091	0.906169
5.438482924	0.9057682
5.462440999	0.9052458
5.486611092	0.905586
5.51099603	0.905406
5.535598691	0.9048172
5.560422003	0.9048544
5.585468949	0.9047105
5.610742564	0.9038098
5.63624594	0.9041387
5.661982223	0.9040095
5.687954618	0.9035607
5.714166391	0.9035076
5.740620865	0.9030229
5.767321427	0.902305
5.794271527	0.9020165
5.82147468	0.9011251
5.848934466	0.9001561
5.876654534	0.8990145
5.904638604	0.8978714
5.932890463	0.8962326
5.961413975	0.8952925
5.990213076	0.8933685
6.01929178	0.8909737
6.048654179	0.8890193
6.078304445	0.8863473
6.108246831	0.8834447
6.138485677	0.880833
6.169025407	0.8777782
6.199870534	0.8742839
